606 1702 599 1818 1060 1834 1065 1712
1553 1698 1550 1816 2004 1830 2000 1715
2466 1697 2021 1709 2026 1821 2474 1807
1083 1692 1075 1809 1533 1818 1536 1697
1549 1567 1545 1687 1999 1699 1998 1583
2459 1569 2014 1570 2015 1682 2463 1675
610 1559 600 1677 1056 1700 1063 1580
1079 1552 1070 1670 1530 1687 1531 1566
1544 1332 1542 1448 1991 1450 1988 1337
617 1328 605 1442 1058 1468 1066 1354
2005 1331 2003 1440 2449 1456 2438 1341
1079 1319 1076 1433 1527 1438 1526 1322
1538 1201 1538 1314 1983 1320 1979 1210
1997 1190 1995 1300 2437 1329 2432 1213
620 1187 605 1300 1053 1338 1063 1225
1522 1186 1075 1192 1074 1305 1522 1295
1534 1012 1530 1122 1972 1139 1971 1028
1987 1000 1987 1107 2423 1123 2419 1012
625 997 615 1105 1059 1125 1068 1013
1078 988 1072 1096 1514 1113 1513 1002
1532 895 1533 1001 1966 1009 1963 900
1982 881 1984 988 2416 998 2409 889
633 876 625 984 1066 1003 1069 894
1083 865 1082 973 1516 991 1517 880
1529 767 1532 872 1961 880 1960 774
1974 766 1978 869 2408 872 2397 766
629 760 625 868 1064 863 1062 761
1085 744 1076 850 1515 872 1515 765
1950 600 1523 619 1527 720 1957 705
1963 579 1968 684 2392 686 2384 581
1067 571 641 571 632 673 1065 674
1082 560 1082 664 1507 680 1510 575
1521 483 1523 584 1948 582 1945 485
1957 463 1962 562 2384 570 2377 468
1065 457 640 460 634 557 1063 559
1086 445 1080 545 1508 560 1511 458
1519 264 1517 363 1936 372 1933 276
1947 253 1949 352 2364 365 2360 265
649 243 644 342 1063 356 1067 259
1085 243 1079 338 1497 361 1500 259
1515 152 1515 249 1929 258 1928 166
1941 140 1946 237 2358 244 2352 145
653 136 645 232 1064 245 1062 147
1085 132 1078 229 1495 251 1500 152