599 1818 606 1702 1065 1712 1060 1834 
1550 1816 1553 1698 2000 1715 2004 1830 
2026 1821 2021 1709 2466 1697 2474 1807 
1075 1809 1083 1692 1536 1697 1533 1818 
1545 1687 1549 1567 1998 1583 1999 1699 
2015 1682 2014 1570 2459 1569 2463 1675 
600 1677 610 1559 1063 1580 1056 1700 
1070 1670 1079 1552 1531 1566 1530 1687 
1542 1448 1544 1332 1988 1337 1991 1450 
605 1442 617 1328 1066 1354 1058 1468 
2003 1440 2005 1331 2438 1341 2449 1456 
1076 1433 1079 1319 1526 1322 1527 1438 
1538 1314 1538 1201 1979 1210 1983 1320 
1995 1300 1997 1190 2432 1213 2437 1329 
605 1300 620 1187 1063 1225 1053 1338 
1074 1305 1075 1192 1522 1186 1522 1295 
1530 1122 1534 1012 1971 1028 1972 1139 
1987 1107 1987 1000 2419 1012 2423 1123 
615 1105 625 997 1068 1013 1059 1125 
1072 1096 1078 988 1513 1002 1514 1113 
1533 1001 1532 895 1963 900 1966 1009 
1984 988 1982 881 2409 889 2416 998 
625 984 633 876 1069 894 1066 1003 
1082 973 1083 865 1517 880 1516 991 
1532 872 1529 767 1960 774 1961 880 
1978 869 1974 766 2397 766 2408 872 
625 868 629 760 1062 761 1064 863 
1076 850 1085 744 1515 765 1515 872 
1527 720 1523 619 1950 600 1957 705 
1968 684 1963 579 2384 581 2392 686 
632 673 641 571 1067 571 1065 674 
1082 664 1082 560 1510 575 1507 680 
1523 584 1521 483 1945 485 1948 582 
1962 562 1957 463 2377 468 2384 570 
634 557 640 460 1065 457 1063 559 
1080 545 1086 445 1511 458 1508 560 
1517 363 1519 264 1933 276 1936 372 
1949 352 1947 253 2360 265 2364 365 
644 342 649 243 1067 259 1063 356 
1079 338 1085 243 1500 259 1497 361 
1515 249 1515 152 1928 166 1929 258 
1946 237 1941 140 2352 145 2358 244 
645 232 653 136 1062 147 1064 245 
1078 229 1085 132 1500 152 1495 251 
